image_width: 640
image_height: 480
board_squares:
- 5
- 6
board_inner_corners:
- 4
- 5
square_size: 0.02
sample_count: 12
rms_reprojection_error: 0.7100983997339907
camera_matrix:
- - 3146.789282913336
  - 0.0
  - 386.1691524077479
- - 0.0
  - 3348.5893757256663
  - 296.6583744464633
- - 0.0
  - 0.0
  - 1.0
dist_coeffs:
- 1.3985462454088295
- -226.84597419401695
- -0.053784256919981906
- -0.025182020878689305
- -2.6563158651559053
