camera_matrix:
- - 3146.789282913336
  - 0.0
  - 386.1691524077479
- - 0.0
  - 3348.5893757256663
  - 296.6583744464633
- - 0.0
  - 0.0
  - 1.0
dist_coeffs:
- 1.3985462454088295
- -226.84597419401695
- -0.053784256919981906
- -0.025182020878689305
- -2.6563158651559053
base_plane_z: 0.02
marker_size: 0.04
samples:
- base_H_tool:
    translation:
    - 0.2021821694675927
    - 0.00045
    - 0.21533780205569422
    quaternion_xyzw:
    - 0.0006111152393108976
    - 0.7138615643934924
    - -0.0006229618932427431
    - 0.7002863024066083
  corners:
  - - 98.0
    - 130.0
  - - 464.0
    - 146.0
  - - 457.0
    - 457.0
  - - 79.0
    - 439.0
  image_path: logs/hand_eye_samples/sample_001_20260505_205029.jpg
  end_effector_link: sgr532/link_grasping_frame
- base_H_tool:
    translation:
    - 0.2021821694675927
    - 0.00045
    - 0.21533780205569422
    quaternion_xyzw:
    - 0.0006111152393108976
    - 0.7138615643934924
    - -0.0006229618932427431
    - 0.7002863024066083
  corners:
  - - 99.0
    - 131.0
  - - 464.0
    - 148.0
  - - 456.0
    - 455.0
  - - 79.0
    - 439.0
  image_path: logs/hand_eye_samples/sample_002_20260505_205053.jpg
  end_effector_link: sgr532/link_grasping_frame
- base_H_tool:
    translation:
    - 0.2021821694675927
    - 0.00045
    - 0.21533780205569422
    quaternion_xyzw:
    - 0.0006111152393108976
    - 0.7138615643934924
    - -0.0006229618932427431
    - 0.7002863024066083
  corners:
  - - 98.0
    - 131.0
  - - 464.0
    - 147.0
  - - 456.0
    - 455.0
  - - 80.0
    - 440.0
  image_path: logs/hand_eye_samples/sample_003_20260505_205115.jpg
  end_effector_link: sgr532/link_grasping_frame
- base_H_tool:
    translation:
    - 0.18721835549281346
    - 0.0009464404699110046
    - 0.2117340283364044
    quaternion_xyzw:
    - 0.0005604250015607087
    - 0.7199453375956051
    - -0.0006735017608710754
    - 0.6940302177812909
  corners:
  - - 96.0
    - 70.0
  - - 470.0
    - 87.0
  - - 462.0
    - 403.0
  - - 78.0
    - 385.0
  image_path: logs/hand_eye_samples/sample_004_20260505_205158.jpg
  end_effector_link: sgr532/link_grasping_frame
- base_H_tool:
    translation:
    - 0.18716475020931733
    - -0.004017485104607851
    - 0.2117340283364044
    quaternion_xyzw:
    - 0.0010126717624662617
    - 0.7199394173612055
    - -0.00022125499996551766
    - 0.6940361380156904
  corners:
  - - 78.0
    - 70.0
  - - 455.0
    - 88.0
  - - 444.0
    - 401.0
  - - 62.0
    - 383.0
  image_path: logs/hand_eye_samples/sample_005_20260505_205231.jpg
  end_effector_link: sgr532/link_grasping_frame
- base_H_tool:
    translation:
    - 0.19172467978919613
    - -0.00416078666472407
    - 0.21139148198354107
    quaternion_xyzw:
    - 0.0010691620643224244
    - 0.7217530520783847
    - -0.0001647012625459753
    - 0.6921498115159107
  corners:
  - - 78.0
    - 80.0
  - - 454.0
    - 98.0
  - - 443.0
    - 411.0
  - - 60.0
    - 394.0
  image_path: logs/hand_eye_samples/sample_006_20260505_205245.jpg
  end_effector_link: sgr532/link_grasping_frame
- base_H_tool:
    translation:
    - 0.192277484399253
    - 0.006880702546388554
    - 0.21061229909483598
    quaternion_xyzw:
    - 0.001109007989442367
    - 0.7229475676541847
    - -0.002592437266928058
    - 0.6908971441489642
  corners:
  - - 114.0
    - 77.0
  - - 493.0
    - 94.0
  - - 484.0
    - 412.0
  - - 97.0
    - 395.0
  image_path: logs/hand_eye_samples/sample_007_20260505_205308.jpg
  end_effector_link: sgr532/link_grasping_frame
- base_H_tool:
    translation:
    - 0.19179490178230557
    - 0.019258537924420824
    - 0.21012152100314196
    quaternion_xyzw:
    - -0.006408622681157818
    - 0.7240317292879753
    - 0.0022276838419001813
    - 0.6897332977059286
  corners:
  - - 165.0
    - 71.0
  - - 542.0
    - 99.0
  - - 525.0
    - 415.0
  - - 142.0
    - 389.0
  image_path: logs/hand_eye_samples/sample_008_20260505_205322.jpg
  end_effector_link: sgr532/link_grasping_frame
- base_H_tool:
    translation:
    - 0.2022435834823172
    - 0.019760463774132014
    - 0.21001503233497992
    quaternion_xyzw:
    - -0.007452331707454067
    - 0.7234392361692455
    - 0.0036516784534701106
    - 0.6903381776835562
  corners:
  - - 165.0
    - 101.0
  - - 544.0
    - 127.0
  - - 527.0
    - 446.0
  - - 145.0
    - 422.0
  image_path: logs/hand_eye_samples/sample_009_20260505_205340.jpg
  end_effector_link: sgr532/link_grasping_frame
- base_H_tool:
    translation:
    - 0.2008657460027623
    - 0.00045
    - 0.21501337113107008
    quaternion_xyzw:
    - 0.0
    - 0.7150829789516673
    - 0.0
    - 0.6990395791467099
  corners:
  - - 159.0
    - 184.0
  - - 406.0
    - 200.0
  - - 398.0
    - 387.0
  - - 148.0
    - 375.0
  image_path: logs/hand_eye_samples/sample_010_20260505_210213.jpg
  end_effector_link: sgr532/link_grasping_frame
- base_H_tool:
    translation:
    - 0.2031281983042747
    - -0.008390036055934955
    - 0.21085144683896778
    quaternion_xyzw:
    - -0.0046095964599504454
    - 0.7217083857356622
    - 0.00649506072532405
    - 0.6921514081221503
  corners:
  - - 130.0
    - 175.0
  - - 384.0
    - 190.0
  - - 373.0
    - 382.0
  - - 115.0
    - 368.0
  image_path: logs/hand_eye_samples/sample_011_20260505_210259.jpg
  end_effector_link: sgr532/link_grasping_frame
- base_H_tool:
    translation:
    - 0.22562726227767008
    - -0.00806766534459825
    - 0.208191996885706
    quaternion_xyzw:
    - -0.004534521308928086
    - 0.7253246029955515
    - 0.006568765722003433
    - 0.6883607409801449
  corners:
  - - 132.0
    - 241.0
  - - 388.0
    - 256.0
  - - 377.0
    - 456.0
  - - 118.0
    - 439.0
  image_path: logs/hand_eye_samples/sample_012_20260505_210313.jpg
  end_effector_link: sgr532/link_grasping_frame
- base_H_tool:
    translation:
    - 0.18726836577773143
    - -0.008749142587957583
    - 0.21177001469822482
    quaternion_xyzw:
    - -0.004614894393843459
    - 0.7198899500501676
    - 0.006490333705704381
    - 0.6940425333759375
  corners:
  - - 128.0
    - 132.0
  - - 380.0
    - 148.0
  - - 369.0
    - 338.0
  - - 113.0
    - 321.0
  image_path: logs/hand_eye_samples/sample_013_20260505_210332.jpg
  end_effector_link: sgr532/link_grasping_frame
- base_H_tool:
    translation:
    - 0.17326822672608544
    - -0.009193266148869771
    - 0.2125023587455514
    quaternion_xyzw:
    - -0.004025816915898227
    - 0.7180717204896246
    - 0.0058459580732913505
    - 0.6959329147306049
  corners:
  - - 127.0
    - 93.0
  - - 375.0
    - 108.0
  - - 367.0
    - 298.0
  - - 115.0
    - 280.0
  image_path: logs/hand_eye_samples/sample_014_20260505_210348.jpg
  end_effector_link: sgr532/link_grasping_frame
- base_H_tool:
    translation:
    - 0.17236399907285221
    - -0.02545327951898048
    - 0.2119369001870618
    quaternion_xyzw:
    - -0.002391037574210898
    - 0.719057356781027
    - 0.007480451716968978
    - 0.694906355878626
  corners:
  - - 72.0
    - 85.0
  - - 323.0
    - 101.0
  - - 313.0
    - 291.0
  - - 57.0
    - 274.0
  image_path: logs/hand_eye_samples/sample_015_20260505_210402.jpg
  end_effector_link: sgr532/link_grasping_frame
- base_H_tool:
    translation:
    - 0.17165475387483842
    - 0.022106020301898146
    - 0.2109771780501148
    quaternion_xyzw:
    - -0.006724362003635347
    - 0.7215502965332415
    - 0.0019126286646601622
    - 0.6923267251666848
  corners:
  - - 231.0
    - 81.0
  - - 478.0
    - 97.0
  - - 474.0
    - 287.0
  - - 218.0
    - 275.0
  image_path: logs/hand_eye_samples/sample_016_20260505_210419.jpg
  end_effector_link: sgr532/link_grasping_frame
- base_H_tool:
    translation:
    - 0.1546807006840563
    - 0.02197707674476652
    - 0.21318031360083464
    quaternion_xyzw:
    - -0.005551993960455618
    - 0.7167260421626604
    - 0.001852055314637742
    - 0.6973302845424277
  corners:
  - - 233.0
    - 42.0
  - - 478.0
    - 57.0
  - - 469.0
    - 243.0
  - - 220.0
    - 226.0
  image_path: logs/hand_eye_samples/sample_017_20260505_210433.jpg
