enabled: true
camera_matrix:
- - 3146.789282913336
  - 0.0
  - 386.1691524077479
- - 0.0
  - 3348.5893757256663
  - 296.6583744464633
- - 0.0
  - 0.0
  - 1.0
dist_coeffs:
- 1.3985462454088295
- -226.84597419401695
- -0.053784256919981906
- -0.025182020878689305
- -2.6563158651559053
base_plane_z: 0.02
marker_size: 0.04
cam_H_base:
  matrix:
  - - 0.9811558228980091
    - 0.1500505077109094
    - 0.12172960333882898
    - -0.1933256576412611
  - - 0.1916219319741576
    - -0.8364711135571367
    - -0.5134170929867597
    - -0.07950456319323601
  - - 0.024784801387576383
    - 0.5270682321295619
    - -0.849461471933834
    - 1.8238363438972116
  - - 0.0
    - 0.0
    - 0.0
    - 1.0
  translation:
  - -0.1933256576412611
  - -0.07950456319323601
  - 1.8238363438972116
  rotation_matrix:
  - - 0.9811558228980091
    - 0.1500505077109094
    - 0.12172960333882898
  - - 0.1916219319741576
    - -0.8364711135571367
    - -0.5134170929867597
  - - 0.024784801387576383
    - 0.5270682321295619
    - -0.849461471933834
tool_H_cal:
  translation:
  - 0.012
  - 0.018
  - 0.028
  rpy:
  - 0.0
  - 0.10471975511965978
  - 0.0
samples:
- base_H_tool:
    translation:
    - 0.14
    - -0.08
    - 0.1
    rpy:
    - 0.15
    - 0.02
    - 0.05
  corners:
  - - 280.0
    - 205.0
  - - 354.0
    - 207.0
  - - 352.0
    - 281.0
  - - 278.0
    - 279.0
- base_H_tool:
    translation:
    - 0.17
    - -0.04
    - 0.12
    rpy:
    - 0.28
    - -0.04
    - 0.2
  corners:
  - - 246.0
    - 198.0
  - - 319.0
    - 204.0
  - - 313.0
    - 277.0
  - - 240.0
    - 271.0
per_sample_cam_H_base:
- matrix:
  - - 0.9946272647023833
    - 0.05725686832945238
    - 0.0862453206832601
    - -0.1688690464846348
  - - 0.09090240171061197
    - -0.881685321385264
    - -0.4629986473166054
    - -0.09018419826105965
  - - 0.04953138069847389
    - 0.4683509849278292
    - -0.8821530463832425
    - 1.810665509593973
  - - 0.0
    - 0.0
    - 0.0
    - 1.0
  translation:
  - -0.1688690464846348
  - -0.09018419826105965
  - 1.810665509593973
  rotation_matrix:
  - - 0.9946272647023833
    - 0.05725686832945238
    - 0.0862453206832601
  - - 0.09090240171061197
    - -0.881685321385264
    - -0.4629986473166054
  - - 0.04953138069847389
    - 0.4683509849278292
    - -0.8821530463832425
- matrix:
  - - 0.9574493156443104
    - 0.2385550790985482
    - 0.16242623620747673
    - -0.21778226879788742
  - - 0.28852564030045974
    - -0.7783093964646519
    - -0.5576624770092022
    - -0.06882492812541235
  - - -0.00661535044055633
    - 0.5807976907763276
    - -0.8140210559484529
    - 1.8370071782004502
  - - 0.0
    - 0.0
    - 0.0
    - 1.0
  translation:
  - -0.21778226879788742
  - -0.06882492812541235
  - 1.8370071782004502
  rotation_matrix:
  - - 0.9574493156443104
    - 0.2385550790985482
    - 0.16242623620747673
  - - 0.28852564030045974
    - -0.7783093964646519
    - -0.5576624770092022
  - - -0.00661535044055633
    - 0.5807976907763276
    - -0.8140210559484529
